image=font.png
offset=-2
lines=9
height=12

char0=" !""#$%&'()*+,-./0123456789:;<=>?@ABCDEFGHIJKLMNOPQRSTUVWXYZ[\]^_`abcdefghijklmnopqrstuvwxyzñÑáÁéÉíÍóÓúÚ¡¿"
//       ! " # $ % & ' ( ) * + , - . / 0 1 2 3 4 5 6 7 8 9 : ; < = > ? @ A B C D E F G H I J K L M N O P Q R S T U V W X Y Z [ \ ] ^ _ ` a b c d e f g h i j k l m n o p q r s t u v w x y z ñ Ñ á Á é É í Í ó Ó ú Ú ¡ ¿"
width0=6 2 4 4 6 6 4 3 4 4 6 4 3 5 2 6 5 3 5 5 5 5 5 5 5 5 2 4 5 5 5 5 2 5 5 5 5 5 5 5 5 2 5 5 4 6 5 5 5 5 5 5 5 5 5 6 5 5 5 3 6 3 6 5 3 6 5 6 5 5 4 5 5 2 5 5 3 6 5 5 5 5 5 5 4 5 5 6 6 5 5 5 5 6 5 5 5 3 3 5 5 5 5 2 5

char1=" !""#$％&'()*+,-./０１２３４５６７８９：;<=>？@ABCDEFGHIJKLMNOPQRSTUVWXYZ[\]^_"
//       ! " " # $ ％& ' ( ) * + , - . / ０１２３４５６７８９：; < = > ？@ A B C D E F G H I J K L M N O P Q R S T U V W X Y Z [ \ ] ^ _
width1=8 8 8 8 8 8 8 8 8 8 8 8 8 8 8 8 8 8 8 8 8 8 8 8 8 8 8 8 8 8 8 8 8 8 8 8 8 8 8 8 8 8 8 8 8 8 8 8 8 8 8 8 8 8 8 8 8 8 8 8 8 8 8 8 8

char2="`abcdefghijklmnopqrstuvwxyz{|}~・ぁあぃいぅうぇえぉおかがきぎくぐけげこごさざしじすずせぜそぞた"
//     ` a b c d e f g h i j k l m n o p q r s t u v w x y z { | } ~ ・ぁあぃいぅうぇえぉおかがきぎくぐけげこごさざしじすずせぜそぞた
width2=8 8 8 8 8 8 8 8 8 8 8 8 8 8 8 8 8 8 8 8 8 8 8 8 8 8 8 8 8 8 8 8 8 8 8 8 8 8 8 8 8 8 8 8 8 8 8 8 8 8 8 8 8 8 8 8 8 8 8 8 8 8 8

char3="だちぢっつづてでとどなにぬねのはばぱひびぴふぶぷへべぺほぼぽまみむめもゃやゅゆょよらりるれろゎわゐゑをん、。ー～「」→←↑↓゛゜"
width3=8 8 8 8 8 8 8 8 8 8 8 8 8 8 8 8 8 8 8 8 8 8 8 8 8 8 8 8 8 8 8 8 8 8 8 8 8 8 8 8 8 8 8 8 8 8 8 8 8 8 8 8 8 8 8 8 8 8 8 8 8 8 8 8

char4="ァアィイゥウェエォオカガキギクグケゲコゴサザシジスズセゼソゾタダチヂッツヅテデトドナニヌネノハバパヒビピフブプヘベペホボポマミム"
width4=8 8 8 8 8 8 8 8 8 8 8 8 8 8 8 8 8 8 8 8 8 8 8 8 8 8 8 8 8 8 8 8 8 8 8 8 8 8 8 8 8 8 8 8 8 8 8 8 8 8 8 8 8 8 8 8 8 8 8 8 8 8 8 8

char5="メモャヤュユョヨラリルレロヮワヰヱヲンヴヵヶ『』【】〔〕《》♪　皿帽子死弾入町失望修道院森金工場製油所坂楽園巣名無戦士"
width5=8 8 8 8 8 8 8 8 8 8 8 8 8 8 8 8 8 8 8 8 8 8 8 8 8 8 8 8 8 8 8 8 8 8 8 8 8 8 8 8 8 8 8 8 8 8 8 8 8 8 8 8 8 8 8 8 8 8 8

char6="技術者医商人虫犬肉水空筒袋三地雷手動探知器無線機部品電気池画面針木材板切鉄管薬保護靴縄棒骨頭容塊具聖書毛皮化"
width6=8 8 8 8 8 8 8 8 8 8 8 8 8 8 8 8 8 8 8 8 8 8 8 8 8 8 8 8 8 8 8 8 8 8 8 8 8 8 8 8 8 8 8 8 8 8 8 8 8 8 8 8 8 8 8 8 8 8 8

char7="物話情報戦交換戻全員終了一移設定図目団装備治経験体調読込保存消音楽倉庫飲食泉日間仕事興味最近雇次見作他何分征"
width7=8 8 8 8 8 8 8 8 8 8 8 8 8 8 8 8 8 8 8 8 8 8 8 8 8 8 8 8 8 8 8 8 8 8 8 8 8 8 8 8 8 8 8 8 8 8 8 8 8 8 8 8 8 8 8 8 8 8 8

char8="服仲亡洞窟部屋小井戸源流廃墟口酒場眺奥新大穴鬼岩天国門誰敵殺支配本当諦思出必要"
width8=8 8 8 8 8 8 8 8 8 8 8 8 8 8 8 8 8 8 8 8 8 8 8 8 8 8 8 8 8 8 8 8 8 8 8 8 8 8 8 8 8 8 8 8 8 8 8 8 8 8 8 8 8 8 8 8 8 8 8

y0=0

