1111
1111
1111
1111
1111
1111
1111
1111
1111
1111
1111
1111
1111
1111
1111
1111
1111
1111
1111
1111
1111
1111
1111
1111
1111
1111
1111
1111
1111
1111
1111
1111
1111
1111
1111
1111
1111
1111
1111
1111
1111
1111
1111
1111
1111
1111
1111
1111
1111
1111
1111
1111
1111
1111
1111
1111
1111
0000
0000
0000
1111
0000
0000
0000
1111
0000
0000
0000
0000
0000
0000
0000
0000
0000
0000
0000
0000
0000
0000
0000
0000
0000
0000
0000
1111
0111
0000
0000
1111
1111
1111
0000
0000
1100
0000
0000
0000
0000
0000
0000
0000
0000
0000
0000
0011
0000
0000
0000
1000
0000
0000
0000
0000
0000
0000
0000
0000
0000
0000
0000
0000
0000
0000
0000
0000
0000
0001
0011
0000
0000
1111
1111
0011
0111
0110
0000
1111
0011
0111
1111
0000
0000
0000
0000
0001
0011
0000
0000
1111
1111
0111
0000
0000
0000
0000
0000
0000
0000
0000
0000
