0000
0000
0000
1111
0011
0011
0011
1111
1000
0000
0000
0000
0000
0000
0000
0000
0000
0000
0000
0000
0000
0000
0000
0000
0100
1100
1100
1000
0010
0111
0111
0000
0001
0000
0000
0000
1111
1111
1111
0111
1111
1111
1111
1110
0000
0000
0000
0000
0000
0000
0000
0000
0000
0000
0000
0000
0000
0000
0001
0001
1000
1000
1000
1000
0011
0001
0000
0000
0011
1000
1100
0111
1110
1110
0100
0000
0000
0000
0000
0000
0000
0000
0000
0000
0000
0000
0000
0000
0001
0001
0001
0001
1000
1000
1000
1000
0000
0000
0000
0000
0001
0001
0001
0001
1000
1000
0000
0000
0000
0000
0000
0000
0000
0000
0000
0000
0000
0000
0000
0001
0011
0000
1100
1000
0000
0000
0000
0000
0000
0000
0000
0000
0000
0000
0000
0001
0000
0000
0000
0000
0000
0000
0000
0000
0000
0000
0000
0000
0000
0000
0000
0000
0000
0000
0000
0000
0000
0000
0000
0000
