1111
1111
1111
1111
1111
1111
1111
1111
1111
1111
1111
1111
1111
1111
1111
1111
1000
1100
1110
1110
0000
0000
0000
0000
0000
1111
1111
1111
0000
1000
1000
1000
1111
1111
1111
1111
1111
1111
1111
1111
1111
1111
1111
1111
1110
1110
1110
1100
0000
0000
0000
0000
0011
0111
1111
1111
1111
1111
1111
1111
1111
1111
1111
1111
1111
1111
1000
1000
1000
0000
0000
0000
0000
0000
0000
0011
0011
0111
1111
1111
1111
1111
1111
1110
0000
1000
1111
1111
1111
1111
1110
0000
1000
0000
0000
0000
0000
0001
0001
0011
1111
1111
1111
1111
1111
1111
1111
1110
1111
1111
1111
1111
1000
1000
1000
1000
0000
0000
0000
0000
0000
0000
0000
0000
0000
0000
0000
0000
0111
0111
0111
0111
1111
1111
1111
1111
1100
1000
0000
0000
0000
0000
0000
0000
0000
0001
0011
0111
0111
1111
1111
1111
1111
1111
1111
1111
1111
1111
1000
0000
1111
1111
1111
0011
1111
1111
1111
1111
1000
1001
1001
0011
0000
1000
1000
0000
0000
0000
0000
0001
0000
1100
1110
1110
0011
0000
0000
0000
1111
1111
0011
0000
0000
0000
0000
0000
0000
0000
0001
0001
1111
1111
1111
1111
1111
1111
1111
1111
1111
1111
1111
1111
1000
1000
1000
1000
0000
0000
0000
0000
1110
0000
0001
0011
0110
1100
1000
0000
0000
0000
0001
0001
0011
1111
1111
1111
1111
1111
1111
1111
0000
0100
1110
1111
0000
0000
0000
1111
